51037
50685
458
39353
18022
1970
41537
58983
58983
0
1489
44069
44069
43490
43490
35630
17082
3997
3997
29426
52633
30810
3997
0
35693
0
36832
888
54222
3249
16581
16581
50685
0
0
12368
33002
28831
4574
52461
35278
47389
47389
21997
12523
41537
34289
8815
8815
24639
28865
35390
35785
39166
0
0
22780
29426
34289
43802
34289
28011
28011
31828
31828
28865
16581
11052
55564
15615
0
41319
14065
35313
35278
17409
37292
43388
3554
31074
28865
50817
44931
27288
8705
33329
9084
54459
34114
42997
3997
51043
51043
47476
0
21456
55564
19064
7477
55561
25110
6858
0
37193
26928
35447
37193
33250
45556
61077
17409
20890
27563
15152
44495
33669
55669
27563
46519
29850
30164
50333
61077
2557
55424
50849
481
26184
26184
59334
27323
43802
0
39166
35785
59960
59960
37020
37020
46519
35630
11052
30810
5419
7218
17265
33329
51037
43388
20580
20580
40203
46989
50685
51037
0
17082
54222
19164
19164
15984
0
35447
31596
49660
12396
53331
44282
4342
1970
61043
7361
32709
11052
46989
52633
27288
27288
21997
14065
4326
58366
37193
34289
59291
0
0
0
9084
37686
33015
2781
46989
1975
31907
46519
46519
481
31091
46989
1970
50849
21456
0
55564
9084
50685
0
31265
21456
21456
47133
56785
35641
31265
28535
0
35693
43650
31596
29850
50817
20580
39353
39353
4326
44281
44281
50475
26670
26452
27323
29324
44281
44281
46519
4805
19164
0
44372
35630
12368
27323
27323
1970
41537
0
14507
50817
24490
20890
52461
33250
5011
49639
16282
20890
0
33250
59291
59291
53385
5800
55561
15984
34937
6732
0
49639
2781
29297
36666
59960
43388
44437
52431
30792
13490
43388
43388
9581
26670
49983
17265
14567
53898
9084
15615
9084
0
58012
13077
1970
1970
40334
0
4326
55669
12396
46912
36832
36832
5011
0
24490
21456
56785
14936
14936
4342
26452
26452
58682
33250
46519
3554
27563
60680
15615
36764
61308
61308
0
0
60690
19164
36764
48283
48283
47725
27288
34326
1489
33250
56544
53385
36832
50685
48360
15152
46863
19064
31091
54222
34114
14567
37132
15615
0
0
52829
37193
37193
41537
7847
13939
4342
46863
59420
47885
36764
24490
18022
0
0
0
1970
47389
58366
27288
50475
13939
10892
17878
22326
58191
12396
44281
12368
0
1970
28991
35861
54326
17082
27323
58012
60781
60781
8705
49660
43388
13090
35278
1970
1970
2781
0
37292
37292
33329
55564
53001
53001
34289
11052
35693
1970
5011
28991
35278
0
0
22326
0
9084
56785
17420
49660
7847
26184
30164
43402
43650
45516
17082
50849
0
35313
17407
48360
26184
13749
22326
0
19064
32709
44931
55564
61077
4574
27323
0
43802
29297
0
0
39353
34723
13749
12396
47133
12396
35630
33057
0
58191
58191
36666
0
21456
0
0
42997
27323
58682
0
24645
51491
36666
36666
33263
31091
27563
0
58191
43402
17409
8705
8705
3997
22326
27288
55424
33015
3779
28831
34289
29324
20580
0
59420
9234
0
2415
59420
15112
15112
31596
31596
36832
135
44372
44372
9581
20890
1489
16915
50475
39353
35012
10892
10892
28444
28444
47389
50685
12368
60690
60690
48360
37020
56785
48393
50817
14507
6858
53984
50419
17878
5793
5793
11052
3554
45587
33329
39097
53001
2612
44322
34289
33057
33057
17082
44092
49660
34723
42576
7730
55424
33015
29324
29324
17082
35785
14597
21951
17082
17082
39353
31828
40203
58542
40203
17409
31265
52461
25395
42997
35278
1970
0
43802
0
32482
37292
24490
43109
0
0
9084
32704
55424
2781
33669
33669
24490
43209
43209
35447
33329
17082
35447
33057
23239
32786
22326
14342
27323
46989
6436
23306
37193
33250
0
0
59812
44931
28535
3997
35278
19064
61308
0
28958
28958
35785
49923
56785
1970
0
16915
48283
43802
23460
39353
26670
27323
9084
30810
35630
0
0
57934
57934
0
1970
31036
29850
12396
37534
37534
0
11052
40346
7730
28831
25169
39166
7847
0
20890
0
36832
27563
7847
53001
44931
44931
44372
0
35278
6858
42150
42150
45587
44281
21456
21456
3925
3925
59291
59291
2781
31596
35785
50475
3779
43388
17878
0
51043
51043
15615
56090
5011
43387
14090
46989
24490
37020
55426
35278
35564
7477
47885
24490
5266
47133
11052
50273
35447
9202
61043
46863
46863
53984
0
28535
13939
61308
5011
24079
5011
28563
55424
7847
13090
43402
11052
19483
5266
46989
0
24490
1489
28444
49660
34937
20534
15615
0
14507
46863
27323
29850
54222
35785
18065
30792
50817
42089
31036
14065
49002
6732
8705
0
60781
55561
61308
50849
58366
0
46519
59439
0
42576
42576
32628
24490
5011
35278
19164
41537
54222
17082
0
4342
4342
3997
11052
21997
0
61043
55424
9084
27563
12396
41769
31828
0
0
0
5266
5266
0
7647
46863
0
21577
22326
9581
58682
17407
37747
37020
50857
47885
0
31596
53984
53984
50475
24490
41537
35278
44931
35785
60781
35630
55771
15615
61308
28865
34114
55424
29297
29297
9084
40346
36350
48393
2781
55669
9581
53001
35278
12368
0
40616
23760
48360
15615
31907
61043
0
0
15615
27288
0
43388
29324
52461
28831
49639
28444
61043
0
61077
61077
40346
36923
21951
21951
37747
39166
23359
45587
1489
44281
44281
52431
34289
20772
20772
2415
32709
12523
15152
5011
27854
27854
56222
60690
12368
6076
6076
19483
35861
11052
1970
13749
43402
13749
2781
9234
23760
23760
52279
9581
29324
43650
17082
15615
1970
0
53331
41537
1493
58012
37020
56785
23760
14507
27288
54788
0
40410
0
9581
0
58542
46519
12765
37747
37747
49002
33002
53816
32840
32840
19164
58983
58983
21433
39097
18022
18022
26184
11514
43387
0
20890
30763
481
20236
20236
16282
2781
0
59960
17409
0
37020
10892
49660
43209
15615
27323
26670
54459
39353
31091
36666
0
2781
37020
55426
26670
0
0
35278
1970
5266
26184
43388
11052
15984
3997
9084
44012
15112
20294
0
59812
8705
2781
20890
35278
55301
56090
33250
33263
50370
19164
9084
8432
0
27288
36832
53104
58191
2415
33865
33865
56544
50817
12368
13939
25169
0
52058
52058
26670
47494
51043
43802
10095
0
44281
61043
40346
47071
54222
39353
49660
26452
25395
9084
47494
16282
16282
11514
7218
24490
20772
49923
35785
59420
44069
30792
30792
46863
46863
28535
0
4382
47190
47190
21456
28865
50956
36666
8705
0
33263
48393
0
31091
41537
1970
21433
888
41537
1970
1970
28444
40616
27323
8705
26670
21997
53104
40194
5011
12368
34723
35693
0
0
6436
4342
28444
16897
17409
0
26184
43802
23204
23204
30810
44281
12368
52633
23359
53898
53898
17460
46519
4342
45444
44281
45516
47885
50849
31828
52461
43802
49969
36923
55411
27288
27288
58542
49969
13749
24490
3249
24639
22780
31091
60680
35313
35313
12523
21951
21951
49660
15615
27323
27323
58939
46519
27563
0
42997
53104
24490
7847
12368
33669
31907
13446
50849
35785
55564
0
37747
37747
9084
12396
60781
17878
5011
26928
14936
25395
58682
58939
58939
45587
12948
36350
9084
29324
12765
0
18022
46588
51037
4574
4574
0
36832
37534
33015
10785
10785
9084
0
39353
46989
4342
19164
33669
44450
9084
31828
55424
9825
40944
0
8705
1650
7361
46989
13934
33329
17407
50370
43650
28535
5011
31074
24645
1493
35278
0
31828
31828
46519
25349
43802
53898
46863
29297
32482
32482
29297
39166
49969
0
53385
27563
1493
46989
3925
3925
53898
43802
53104
47133
56785
0
17082
15615
44495
21577
21577
12396
28831
45587
44069
45587
0
11052
21951
25349
25349
0
2557
61308
8705
50857
56544
0
14936
20890
36666
36666
1970
0
55564
60781
25395
34937
25110
25110
35641
17409
56222
17082
42576
18022
52821
49969
33263
33263
33015
18065
2363
2363
44282
31091
18022
43387
31074
49660
0
16915
36832
47476
35278
19064
0
43066
39765
39765
40410
13939
13939
51491
35012
