14682
16129
22544
25969
46678
51841
32951
10551
10551
57049
40330
33099
25631
38511
27123
57049
57049
42597
49094
2420
2009
9413
43919
43919
27040
33756
50216
28637
28637
14682
21742
14578
19232
10628
35144
35144
53533
46824
54483
36037
46252
20193
6960
16411
16411
54723
49409
49409
53162
2105
51475
51475
5441
48412
6960
42877
6960
17572
17572
6967
6967
9311
28637
42597
33901
10209
10209
18373
51026
24941
46824
21742
7933
2009
59874
33972
42829
16022
46824
46252
60260
23181
25631
30733
46501
33972
41337
44086
44086
18496
18496
32453
33901
32453
54039
30534
12225
23181
31836
271
57614
25969
13196
29992
19833
47579
21742
22219
30944
44108
8087
14643
24874
30944
30944
54176
32184
27882
47579
42779
23052
17400
20193
16022
8087
36037
51475
46029
2105
27000
55033
4072
30944
51389
2420
28063
27549
8471
25631
16129
48286
52849
52849
50973
42352
42352
38710
16129
46678
33756
2009
2009
19833
54723
25969
57080
21932
43161
23355
10454
10454
4141
18481
34514
45011
51389
27123
2009
10737
21932
51026
36037
15045
48483
271
9413
7678
52605
6960
23181
5441
30733
18496
15887
21742
58653
30944
30944
11569
48680
42352
16022
54723
54723
23052
33901
9413
14682
12657
15210
15210
25211
60714
2129
12657
56672
10737
9413
48383
57080
54176
41630
52849
46678
46678
19319
1238
1238
27000
23181
52923
14578
46679
1238
1238
30944
47985
4055
23355
23355
27123
19232
51475
51475
29833
51841
23181
41337
16022
20193
53533
22219
23181
41630
26836
14298
22219
29992
7678
31836
4141
30534
19833
36037
30944
30944
26836
18496
5717
25837
55033
51475
34354
27866
21106
55889
23052
19806
31836
31836
48483
8471
49430
49430
23181
37087
23181
23181
43161
16411
18496
18496
4841
29992
15045
24874
59761
17425
42352
17425
29833
49467
52849
60714
19364
19364
25837
48412
48412
31836
29992
4863
59874
4863
29307
10209
47766
51886
21742
12225
16411
4055
4863
19319
19319
56089
10737
9413
31652
23381
9607
17425
14682
48483
44108
44347
32453
44323
33756
38064
38064
24941
10209
48680
36667
51789
13196
271
15210
20549
42946
25837
48383
61133
13703
47766
20193
44347
18201
10209
23052
30733
54483
10209
9413
27000
8087
31652
57391
26771
60877
59761
1238
19232
58311
29833
59220
59220
56982
38511
51475
21106
271
271
46252
21932
56982
54294
46824
25211
29833
18496
38946
7933
21742
25631
33901
59587
59587
30318
51389
9413
29833
51841
49467
46824
51841
27000
26771
23181
23181
4055
21932
27040
20549
8087
50249
4867
48383
23181
38511
34676
24941
51098
25449
27866
8087
27000
29992
32453
45011
46824
33901
35144
47579
51475
271
42877
35460
41951
41951
27233
60877
27866
59761
25211
59761
27123
18481
44347
60877
25837
2270
2270
48383
29833
45823
23181
41951
4324
30733
25837
25837
58311
48680
30944
54039
53162
55033
46824
21742
29833
29833
4863
26771
10737
10705
30733
47766
58573
6960
59761
52849
8592
61133
12413
21742
2009
61133
26672
26672
57080
57080
17425
29833
46029
46029
29833
22219
38946
46501
27000
27233
20193
1534
1534
5162
5162
54483
14682
19232
16411
1385
25449
60714
4072
8592
16022
41337
12225
6077
4874
57391
10545
51389
8361
37087
25631
22188
59587
54198
21409
6960
23381
23381
46678
11461
21932
57049
57049
15887
44426
46679
46679
46679
2105
38511
10705
10705
38511
38511
28173
28173
50973
59192
10737
14578
12657
54039
45823
4064
46824
20193
29833
42877
24941
4316
7933
13196
26737
10209
23181
52849
25449
18496
14643
14643
4841
22544
22544
2105
12225
23181
25969
23381
1534
36826
26771
51475
51475
23355
1385
51098
13196
24874
25176
14682
46824
56672
57049
32453
46824
51886
23181
44426
44426
2105
38304
60714
29833
6960
35954
19319
18496
52849
27233
27233
51475
23181
2420
37087
37087
37087
25190
25190
27233
29833
33972
33972
59761
57501
57501
4055
51389
8592
54483
58573
41630
20549
53162
22219
22219
15887
15887
50216
4863
38511
59587
46824
46824
46029
12225
46824
12225
44968
44968
37087
1238
15210
15210
61133
61133
7678
18496
2105
57080
27000
41630
33756
57391
43919
44086
44086
10209
53580
60260
9941
20193
36667
20193
55169
55169
25190
48483
54039
13703
20127
14578
25211
51389
20193
25969
26672
18481
26771
57080
2009
43919
16478
42946
2009
26771
15934
60260
33353
48483
46678
54294
31652
1534
54161
33972
20127
59192
20127
31652
31652
52605
33972
57049
10209
6960
41337
57080
51475
54176
33756
2105
19463
21106
16022
47985
51026
33972
29044
17756
46252
26771
13196
30534
51886
42597
29833
30318
9413
27882
10040
10040
20276
28350
51475
4055
51841
33756
38511
54723
17277
51475
57049
57049
4055
27123
28063
48483
4863
23181
2353
2353
6967
57049
13746
51841
60600
60600
30534
9413
19319
19232
2270
26771
31836
31836
36439
51098
4072
30318
13703
57080
60944
8328
8328
27000
51841
51841
46824
46824
2105
13196
27123
13196
10209
2009
33099
42946
23052
35460
35460
23181
24557
22219
8592
18496
24874
59587
58311
19232
8087
59874
30733
23052
58653
58653
18481
23181
23181
10209
24941
24941
23181
22188
46679
51098
4863
26836
59874
57049
46501
47579
47579
55169
16479
10705
51098
53162
40867
37087
16022
1238
1238
2420
6960
37781
42352
2009
45011
20193
44108
20127
59786
59786
18496
1385
19232
7134
7134
60260
60260
51389
29833
27866
4867
27866
18496
33756
52605
52605
185
60260
26942
50889
46678
22236
25211
15210
45823
51841
47766
21106
60714
4072
6077
41337
10737
9413
18496
25449
31836
31836
14578
14578
30944
25211
36439
271
10628
43919
4055
4055
4055
9311
9311
51841
22188
46678
46678
8087
26942
2009
46678
34514
38317
41337
12657
12657
52605
52605
30733
32951
32951
46678
30944
38946
46824
22544
10209
20127
9311
8043
61133
20193
25837
4055
18496
24557
27123
12225
59192
2009
46252
60600
46252
30733
19833
51389
60944
23181
44726
16022
30944
38317
46252
43161
18496
34514
46824
50889
53580
29992
58311
52340
4055
43161
23355
48483
50973
59321
13746
60877
54483
33756
33756
2105
16022
42946
19232
42352
43919
19806
19806
25969
43919
44086
42352
58081
4863
23355
18481
24557
20193
9413
25969
21932
48412
48412
23181
58311
18496
14578
26942
27549
20193
42352
38304
27233
2105
40330
21106
21106
44347
44347
48383
56672
8328
19003
19003
15210
33099
38710
38710
25837
46252
46252
21742
8592
8592
48680
51841
29833
32951
49094
21742
29833
29833
33756
33756
51841
29833
48680
36037
13746
42829
25211
44968
12225
9413
2009
51841
1385
25837
59874
59874
21742
33756
46679
42877
29992
2105
23181
20193
19232
26942
2009
40867
49430
49430
54483
54483
25837
30944
1238
13703
6960
54723
6967
20127
42877
45011
16479
44631
10737
10737
14578
18496
27866
20127
50216
13746
5441
48680
29307
24941
24941
20127
10705
10705
21932
9413
51475
51475
27862
30944
30944
43151
13746
13746
42597
20549
19232
50216
58653
15887
13746
2105
33901
20276
36439
36439
23181
59761
271
60260
57391
57614
19364
45823
14578
27862
27862
37087
12189
29794
23181
46679
15995
57049
46678
9413
16129
35144
35144
43919
43919
57501
30733
56313
48483
23181
2420
27233
42352
25837
2009
14643
43161
23181
6967
48483
48483
32026
46252
16022
18693
22219
42352
46029
25631
51098
52340
56672
48383
14643
4324
41951
25176
46824
8471
6967
30944
22236
42877
49430
44347
35460
4316
4316
53162
35460
45011
54723
13746
4863
25176
9607
30944
49430
41337
13746
60714
25211
51157
38511
37087
18481
2270
2270
58573
59761
37087
37087
4867
51389
48483
22236
22236
29833
14682
44108
46252
23181
29992
57049
31836
22219
25837
25837
58311
25211
48483
60260
36037
4064
45823
13746
2129
21742
52605
46678
10040
45011
56579
48286
45011
19463
19463
16022
16022
19806
48680
46678
9941
42352
60260
19319
35954
43919
46824
11569
56607
4055
42569
18698
18698
25449
42946
42946
30733
28173
