51037
50685
58542
35447
18022
41537
41537
58983
58983
0
10892
44069
44069
43490
43490
35630
17082
3997
3997
29426
19164
30810
3997
0
35693
0
53816
34289
54222
3249
16581
16581
50685
0
0
12368
33002
32915
4574
52461
35278
47389
47389
21997
12523
1970
34289
8815
8815
24490
35390
35390
35785
39166
0
0
22780
29426
34289
43802
34289
28011
28011
31828
31828
28865
16581
11052
55564
15615
0
41319
14065
35313
35278
17409
37292
18252
3554
31074
43802
50817
44931
27288
25480
33329
9084
52431
34114
1970
3997
51043
51043
3249
0
21997
9825
19064
7477
55561
25110
6858
0
37193
4638
35447
37193
33250
45556
61077
17409
20890
27563
15152
44495
33669
55669
46519
46519
29850
30164
50333
61077
2557
55424
50849
481
26184
26184
59334
27323
5011
0
39166
35785
59960
59960
37020
37020
46519
13939
11052
30810
5419
7218
17265
33329
51037
43388
20580
20580
40203
46989
51037
51037
0
17082
54222
19164
19164
15984
0
35447
31596
49660
12396
24079
44282
44282
0
61043
7361
32709
11052
46989
52633
27288
27288
21997
14065
4326
22778
37193
41537
59291
0
24490
0
9084
37686
33015
2781
46989
33669
31907
46519
46519
481
31091
46989
1970
50849
43802
0
9825
9084
54326
0
31265
21456
21456
47133
56785
21433
31265
28535
0
27288
43650
31596
29850
3779
20580
35447
35447
55426
44281
44281
50475
35447
26452
27323
29324
44281
44281
46519
4805
19164
0
44372
35630
12368
27323
27323
1970
41537
0
14507
50817
24490
20890
52461
33250
5011
49639
16282
20890
0
33250
59291
59291
53385
5800
55561
15984
40194
50273
0
49639
2781
44082
4342
59960
43388
44437
52431
30792
13490
61308
52058
9581
55426
49983
17265
14567
53898
9084
15615
9084
0
58012
13077
33015
33015
40334
0
4326
55669
12396
46989
36832
47494
58366
0
45516
5011
56785
14936
14936
4342
26452
26452
58682
33263
27563
40616
27563
60680
15615
36764
61308
61308
12368
0
8815
19164
36764
48283
48283
47725
27288
34326
1489
10892
8705
53385
36832
50685
55411
15152
46863
19064
54222
54222
34114
14567
35313
15615
35785
0
52829
37193
37193
43388
7847
13939
4342
46863
59420
47885
36764
58366
17082
0
0
0
33015
47389
58366
35693
50475
44495
23239
17878
22326
58191
12396
44281
12368
0
1970
29324
35861
54326
17082
27323
43387
37193
37193
8705
49660
40346
13090
35278
7730
1970
2781
0
37292
37292
33329
55564
53001
53001
34289
11052
35693
1970
3249
28991
35278
0
0
22326
0
9084
17082
17420
59439
7847
26184
30164
43402
43650
34289
17082
4342
0
35313
17407
48360
26184
13749
0
0
19064
32709
44931
55564
61077
4574
27323
0
43802
29297
0
0
39353
34723
13749
12396
47133
12396
35630
58366
0
58191
58191
4342
0
1975
0
0
42997
27323
4342
0
24645
8705
4342
4342
33263
31091
27563
14567
58191
43402
17409
1970
1970
3997
22326
27288
55424
33015
3779
28831
34289
33263
20580
58366
59420
18022
0
61308
59420
15112
15112
31596
31596
36832
9084
44372
44372
53385
20890
10892
22326
50475
39353
24490
10892
44092
28444
28444
47389
50685
12368
60690
8815
48360
37020
56785
48393
1970
14507
6858
53984
50419
17878
5793
5793
11052
3554
45587
33329
39097
53001
2612
44322
34289
33057
33057
17082
44092
49660
56544
42576
39097
55424
13749
29324
29324
17082
35785
21951
21951
17082
17082
24490
24490
40203
58542
22326
37292
31265
5266
25395
42997
35278
8705
0
43802
0
32482
37292
0
55424
58366
58366
9084
32704
55424
2781
33669
33669
0
43209
43209
35447
6858
35785
35447
33057
23239
32786
22326
14342
27323
24490
6436
23306
37193
35447
0
0
58366
35278
28535
26184
35278
19064
61308
0
32709
32709
35785
49923
56785
1970
0
16915
48283
5011
20580
39353
54222
27323
9084
30810
54222
0
0
57934
57934
0
1970
53104
34937
12396
37534
37534
0
11052
37020
7730
28831
39097
39166
7847
0
20890
0
3249
27563
17082
53001
44931
44931
13934
0
35278
6858
42150
42150
15615
44281
21456
21456
3925
3925
59291
59291
33015
31596
35785
50475
3779
43388
17878
0
51043
51043
15615
56090
5011
43387
14090
9084
27563
37020
55426
57934
55424
7477
47885
24490
50685
47133
34723
50273
35447
9202
61043
21774
21774
53984
0
32482
13939
61308
58366
24079
5011
28563
55424
7847
13090
43402
33057
19483
450
29850
0
24490
28444
28444
27288
34937
20534
15615
0
14507
29324
27323
29850
54222
35785
17082
30792
50817
42089
31036
31074
49002
6732
8705
0
60781
55561
61308
55424
58366
0
35861
59439
0
42576
42576
32628
24490
5011
33263
19164
41537
54222
17082
9084
44282
44282
11052
56544
0
0
61043
55424
9084
27563
28991
41769
31828
0
40636
0
5266
5266
0
46863
46863
0
21577
22326
9581
58682
17407
37747
37020
50857
47885
0
31596
46989
53984
50475
9084
41537
57934
44931
35785
37193
35630
55771
15615
61308
28865
18474
33015
29297
29297
9084
40346
39097
48393
2781
55669
27563
53001
21456
12368
0
40616
23760
48360
15615
31907
61043
6436
0
15615
15615
0
10892
29324
39097
28831
49639
16897
30763
0
61077
61077
55426
36923
21951
21951
37747
39166
23359
45587
1489
44281
44281
6732
34289
20772
20772
2415
32709
12523
15152
2363
27854
27854
33015
60690
12368
6076
6076
55424
5011
11052
1970
13749
43402
13749
2781
14567
31271
31271
52279
46519
21968
39166
17082
27563
1970
0
43388
41537
24490
46989
37020
56785
23760
14507
27288
54788
0
24079
58366
53385
0
58542
46519
1970
37747
37747
49002
33002
53816
32840
19164
19164
58983
58983
21433
39097
18022
18022
26184
11514
43387
0
20890
30763
46989
20236
20236
16282
33015
0
59960
21433
0
37020
10892
15615
43209
15615
8705
26670
54459
39353
31091
4342
0
2781
37020
47885
26670
0
0
52633
1970
5266
52633
58366
11052
15984
34723
9084
44012
15112
20294
0
59812
8705
2781
20890
35278
55301
56090
33250
33263
50370
19164
8432
8432
0
27288
47494
31074
58191
2415
17409
12711
35785
50817
12368
13939
25169
0
52058
52058
26670
47494
51043
53385
10095
0
52431
61043
37020
47071
39166
35447
49660
26452
5011
9084
47494
16282
16282
11514
7218
24490
20772
49923
35785
59420
44069
55138
55138
46863
46863
28535
0
4382
47190
47190
21456
28865
6076
36666
8705
0
21433
48393
55424
31091
41537
1970
21433
888
35641
1970
1970
28444
28444
58542
8705
40346
21997
53104
40194
58682
42150
34723
35693
0
0
6436
4342
16897
16897
17409
0
26184
43802
35785
35785
35785
46989
12368
28563
23359
53898
53898
17460
17460
4342
1612
44281
45516
47885
50849
31828
52461
43802
49969
36923
55411
27288
27288
58542
49969
13749
24490
3249
24639
22780
31091
60680
35313
35313
12523
21951
21951
59439
45587
27323
27323
58939
46519
46519
0
42997
53104
24490
7847
12368
33669
31907
13446
50849
35785
55564
0
37747
37747
9084
12396
60781
17878
5011
4638
14936
25395
35012
58939
58939
45587
12948
36350
9084
29324
12765
0
18022
35693
51037
4574
4574
0
53816
37534
33015
10785
10785
9084
0
39353
46989
4342
52633
33669
44450
35693
31828
35564
9825
40944
0
8705
1650
7361
46989
13934
33329
17407
50370
43650
28535
3779
31074
24645
1493
35278
0
31828
31828
46519
25349
43802
53898
46863
29297
32482
32482
29297
39166
49969
0
44282
27563
1493
53385
35012
35012
53898
46989
21997
47133
56785
0
17082
15615
28991
21577
21577
12396
28831
45587
44069
45587
0
11052
21951
25349
25349
0
2557
4574
34712
58366
56544
0
14936
20890
4342
4342
50370
58366
55564
24079
25395
34937
25110
9084
35641
17409
56222
18022
42576
17082
52821
49969
41537
27288
33263
18065
2363
2363
46519
31091
18022
43387
14065
33263
0
16915
36832
47476
35278
19064
0
43066
39765
39765
60781
13939
13939
51491
35012
