51037
50685
58542
35447
18022
44636
41537
58983
58983
0
10892
44069
44069
43388
28865
35630
17082
3997
3997
29426
19164
30810
3997
0
46588
0
36832
888
54222
3249
16581
16581
50685
0
0
12368
33002
27563
4574
52461
35278
47389
47389
21997
12523
1970
34289
8815
8815
24639
35390
35390
35785
39166
0
0
22780
29426
34289
43802
34289
28011
28011
31828
31828
28865
16581
34723
55564
15615
0
41319
14065
35313
35278
17409
37292
43388
3554
34937
31907
50817
35278
1970
1970
33329
9084
52431
34114
31074
33057
51043
51043
47476
0
32786
9825
19064
7477
55561
25110
6858
0
37193
4638
35447
37193
33250
45556
61077
17409
27288
27563
15152
5011
33669
55669
27563
46519
29850
30164
50333
61077
2557
55424
50849
481
26184
26184
59334
27323
5011
0
39166
35785
59960
59960
37020
37020
46519
39166
11052
30810
5419
7218
17265
33329
51037
43388
20580
20580
40203
31036
51037
51037
58366
17082
54222
19164
19164
15984
0
35447
31596
49660
12396
24079
44282
44282
58366
61043
7361
32709
11052
5011
52633
27288
59439
21997
14065
4326
58366
37193
34289
59291
0
0
0
9084
37686
33015
2781
46989
33669
31907
46519
46519
481
31091
46989
50817
50849
13749
0
9825
9084
50685
0
31265
21456
21456
47133
56785
21433
31265
28535
0
35693
43650
31596
29850
3779
20580
35447
35447
55426
44281
44281
50475
9234
26452
58542
29324
44281
44281
46519
4805
19164
0
24079
35630
12368
27323
27323
1970
41537
0
14507
50817
24490
20890
52461
33250
5011
49639
16282
20890
0
33250
59291
59291
53385
5800
55561
15984
34937
53984
0
49639
2781
29297
36666
59960
43388
44437
52431
30792
13490
52058
52058
9581
55426
49983
17265
14567
53898
9084
0
9084
0
58012
13077
33015
33015
40334
0
4326
55669
12396
46989
36832
36832
59809
0
6732
5011
56785
14936
14936
4342
26452
26452
58682
33263
27563
3554
27563
60680
15615
36764
61308
61308
24490
0
60690
19164
21456
48283
48283
47725
27288
35693
1489
23239
33263
53385
36832
50685
15112
15152
46863
24490
54222
54222
34114
14567
35313
15615
35785
0
52829
60781
60781
43388
7847
13939
4342
46863
59420
47885
36764
43388
43388
0
0
0
33015
47389
58366
35693
50475
44495
23239
17878
22326
40616
12396
44281
12368
0
1970
17409
35861
54326
17082
27323
58012
60781
37193
1970
49660
55426
13090
35278
1970
1970
2781
0
37292
37292
33329
9825
53001
53001
45516
11052
35693
1970
5011
28991
35278
0
0
22326
0
9084
32840
17420
49660
7847
26184
30164
43402
43650
45516
17082
28991
0
35313
17407
48360
26184
13749
22326
0
19064
32709
44931
55564
61077
4574
27323
0
43802
29297
0
0
39353
0
13749
12396
47133
12396
35630
33057
0
58191
58191
36666
0
58366
0
0
42997
27323
4342
0
24645
51491
36666
36666
33263
31091
27563
14567
9202
11052
17409
1970
1970
3997
22326
27288
55424
33015
3779
28831
34289
24490
20580
0
59420
5011
0
61308
59420
15112
15112
31596
31596
36832
55564
44372
44372
27563
20890
1489
0
50475
39353
47190
10892
10892
28444
28444
47389
50685
12368
60690
8815
48360
37020
56785
48393
50817
14507
6858
53984
50419
17878
5793
5793
11052
3554
45587
33329
39097
53001
2612
44322
34289
37020
33057
17082
44092
49660
54222
42576
39097
55424
33015
29324
29324
17082
35785
21951
21951
17082
17082
39353
24490
40203
58542
40203
37292
31265
33263
25395
42997
35278
1970
0
43802
0
32482
37292
0
51043
58366
58366
9084
32704
55424
2781
33669
33669
24490
43209
43209
35447
6858
5419
35447
33057
10892
32786
22326
14342
27323
24490
6436
23306
60781
7647
0
50685
24490
44931
28535
54222
35278
19064
61308
0
28958
28958
35785
49923
56785
1970
0
16915
48283
35693
23460
39353
55426
27323
9084
16915
35630
0
0
57934
57934
0
1970
31036
31036
12396
37534
37534
0
11052
40346
7730
28831
25169
39166
7847
0
20890
0
3249
27563
7847
53001
44931
44931
13934
0
35278
6858
42150
42150
44069
44281
21456
21456
3925
3925
59291
59291
2781
31596
35785
50475
3779
43388
17878
0
51043
51043
15615
56090
5011
43387
14090
24490
27563
40346
55426
35278
55424
7477
47885
24490
35564
47133
11052
50273
35447
9202
61043
14567
14567
23889
0
32482
13939
61308
5011
24079
5011
28563
55424
7847
13090
43402
33057
19483
5266
29850
58366
24490
58366
33263
27288
34937
20534
15615
0
14507
5266
27323
29850
54222
35785
18065
30792
50817
42089
31036
14065
60781
6732
8705
0
58542
55561
61308
135
58366
0
5011
59439
0
42576
42576
32628
5011
52027
33263
19164
41537
54222
17082
9084
44282
44282
3997
11052
21997
0
61043
55424
9084
58682
15841
41769
31828
0
40636
0
5266
5266
23239
35693
46863
0
21577
22326
9581
58682
17407
37747
37020
50857
47885
0
31596
17409
46989
50475
24490
41537
35278
44931
35785
60781
35630
55771
15615
61308
28865
34114
14507
29297
29297
9084
55177
36350
48393
2781
43388
31828
53001
3249
12368
0
40616
23760
48360
15615
31907
61043
0
0
15615
27323
0
21968
29324
39097
12396
49639
16897
30763
58366
61077
61077
40346
36923
21951
21951
37747
39166
23359
45587
1489
44281
44281
6732
34289
20772
20772
2415
32709
12523
15152
2363
27854
27854
33015
60690
12368
6076
6076
51048
58682
11052
1970
13749
43402
13749
2781
54222
31271
31271
52279
9581
17409
39166
17082
15615
1970
0
0
41537
1970
46989
37020
56785
23760
14507
27288
54788
0
40410
58366
9581
0
58542
46519
47133
37747
37747
37193
33002
36832
32840
19164
19164
58983
58983
21433
39097
18022
18022
26184
11514
33669
0
20890
30763
46989
20236
20236
16282
2781
0
59960
21433
0
40346
3554
19164
43209
15615
35012
26670
54459
35447
49240
36666
0
2781
37020
47885
26670
0
0
52633
1970
5266
5011
46989
11052
15984
34723
4382
44012
888
20294
0
59812
8705
2781
20890
35278
55301
56090
33250
33263
50370
19164
25110
8432
0
27288
36832
31074
40616
61308
55561
21433
35785
50817
12368
13939
25169
0
52058
52058
55426
47494
51043
53385
10095
0
5011
61043
37020
47071
54222
35447
49660
26452
13749
9084
36832
16282
16282
11514
7218
24490
20772
49923
35785
59420
44069
55138
55138
46863
46863
28535
0
4382
47190
47190
21456
28865
6076
36666
1970
0
33263
48393
0
31091
41537
1970
21433
888
33015
1970
1970
28444
23239
58542
8705
55426
21997
53104
40194
58682
12368
54222
35693
0
0
6436
4342
28444
16897
17409
0
26184
43802
35785
35785
5419
46989
12368
52633
23359
53898
53898
17460
19164
4342
1612
44281
45516
47885
50849
31828
52461
43802
49969
36923
55411
27288
27288
58542
49969
13749
24490
3249
24639
22780
31091
60680
35313
35313
12523
21951
21951
49660
15615
27323
27323
58939
46519
46519
0
42997
53104
1970
7847
12368
33669
31907
13446
23359
35785
9825
0
37747
37747
9084
12396
60781
17878
5011
4638
14936
1970
58682
58939
58939
45587
12948
36350
9084
29324
12765
0
18022
46588
51037
4574
4574
0
36832
37534
33015
10785
10785
9084
0
39353
46989
4342
52633
33669
44450
9084
31828
55424
55564
40944
0
8705
1650
7361
46989
13934
6858
17407
50370
43650
28535
31907
31074
24645
1493
35278
0
31828
31828
46519
25349
43802
53898
46863
29297
32482
32482
29297
39166
49969
0
27563
27563
1493
53385
35012
35012
53898
24490
53104
47133
56785
0
17082
0
3997
21577
21577
12396
28831
45587
44069
45587
0
11052
21951
25349
25349
0
15152
4574
50817
24490
33250
0
14936
36350
36666
36666
3249
58366
55564
58542
25395
34937
25110
25110
35641
17409
56222
18022
42576
18022
52821
49969
5419
33263
1970
18065
2363
28011
44282
31091
18022
43387
31074
31907
0
16915
36832
47476
35278
19064
0
43066
39765
39765
58542
13939
13939
51491
35012
