51037
50685
458
35447
18022
41537
41537
58983
58983
10892
3997
44069
44069
43490
43490
35630
17082
3997
3997
29426
29426
3997
30810
2415
35693
53816
53816
54222
58542
3249
16581
16581
50685
17409
59812
12368
33002
4574
52461
35278
47389
47389
53104
12523
1970
34289
60690
60690
24490
24490
35390
35785
39166
46519
27323
22780
29426
34289
43534
34289
28011
28011
31828
31828
43388
16581
24490
55564
15615
41319
14065
14065
37132
35278
17409
37292
18252
3554
53104
28865
34712
35278
27288
25480
33329
9084
33015
34114
28865
50857
51043
51043
16282
33015
19064
9825
19064
7477
55561
25110
6858
9581
60781
4638
35447
60781
33250
45556
61077
17409
20890
20890
27563
15152
3997
33669
55669
46519
46519
29850
30164
50333
61077
2557
25480
481
50849
44495
44495
59334
27323
13934
39166
35785
59960
59960
37020
55426
46519
11052
30810
5419
7218
33329
17265
51037
43388
20580
20580
40203
46989
12396
51037
17407
17082
54222
19164
19164
15984
50849
50849
35447
31596
49660
24490
24079
44282
44282
5800
61043
7361
32709
11052
46989
28563
27288
27288
21997
14065
4326
4326
58366
37193
33263
34289
59291
59291
56222
34289
22780
9084
33015
2781
46989
33669
31907
1612
46519
12523
31091
450
31265
13749
50849
23359
779
9825
9084
50685
31265
21456
21456
47133
56785
13446
21433
31265
28535
35693
27288
43650
31596
29850
3779
20580
17265
17265
4326
44281
44281
50475
55426
26452
58542
8705
29324
44281
44281
46519
4805
19164
21997
24490
44372
35630
12368
27323
27323
50817
41537
9084
14507
50817
24490
24490
20890
52461
33250
5011
49639
16282
20890
20890
33250
59291
59291
53385
5800
55561
15984
45556
34937
46519
37020
49639
2781
29297
4342
59960
43388
44437
52431
13749
30792
30792
13490
43388
19164
9581
55426
49983
17265
14567
53898
9084
15615
24490
3779
54459
13077
33015
33015
50857
33250
4326
55669
12396
46912
36832
36832
34289
55424
30810
56785
56785
14936
14936
4342
26452
26452
58682
33250
27563
3554
27563
60680
15615
36764
1970
61308
61308
17409
6858
13077
19164
36764
48283
48283
47725
35693
27288
1489
8705
23239
53385
36832
6858
50685
48360
15152
46863
24490
54222
54222
14567
29324
37132
36832
15615
35785
44524
52829
37193
60781
55426
7847
13939
4342
43650
46863
47885
59420
36764
24490
31074
44526
15615
55424
33015
33015
47389
35693
35693
50475
3997
23239
17878
22326
58191
12396
44281
12368
43388
1970
33263
35861
54326
17082
27323
43387
60781
37193
8705
49660
54326
13090
35278
7730
1970
33015
1489
37292
37292
33329
55564
53001
53001
34289
11052
35693
5011
1970
59809
35278
41537
39166
13939
22326
9084
9084
17460
46519
17420
59439
7847
26184
30164
43402
54222
43650
0
17082
49983
35313
35313
17407
17407
48360
26184
13749
3997
33250
19064
32709
44931
55564
55564
4574
61077
27323
60781
43802
29297
53104
4805
39353
58191
13749
12396
47133
12396
35630
14567
35630
58191
58191
4342
2781
2781
43402
20580
42997
9084
46989
24645
1970
4342
4342
33263
888
31091
27563
14567
58191
43402
43402
17409
31828
8705
3997
22326
27288
55424
43388
3779
28831
34289
12523
20580
48393
59420
18022
9234
61308
59420
15112
15112
31596
31596
36832
1970
44372
44372
55177
20890
1489
34114
50475
39353
52633
10892
10892
28444
28444
50685
47389
12368
60690
48360
37020
56785
48393
13749
14507
6858
53984
50419
17878
5793
5793
11052
15984
3554
45587
33329
39097
53001
2612
4574
34289
33057
33057
18022
44092
59439
42576
42576
23306
55424
33015
29324
29324
35785
17082
14597
21951
17082
17082
1489
24490
40203
58542
40203
17409
31265
5266
25395
42997
35278
5011
8705
43802
37132
32482
37292
55771
43109
49660
15615
9084
32704
55424
2781
33669
33669
40334
43209
43209
35447
6858
5011
35447
1489
33057
32786
22326
14342
27323
46989
6436
23306
37193
55669
50685
43388
35278
28535
3997
19064
35278
61308
40334
28958
28958
35785
49923
56785
1970
32628
34289
16915
48283
4382
20580
39353
17265
9084
27323
30810
45587
36832
45587
35278
35278
39353
8705
31036
31036
12396
37534
37534
19164
19164
11052
37020
7730
28831
25169
39166
7847
20890
20890
33015
3249
27323
27563
22326
53001
44931
35278
13934
6858
35278
6858
42150
42150
15615
44281
21456
3925
3925
59291
59291
2781
31596
35785
50475
3779
43388
17878
10465
51043
51043
15615
5011
56090
43387
14090
24490
52432
52633
37020
55426
57934
135
7477
47885
24490
43387
47133
11052
50273
35447
9202
61043
21774
46863
2415
10465
6858
13939
2415
22326
24079
5011
28563
55424
22326
13090
43402
43402
19483
30476
29850
40410
12523
23239
16897
16282
33015
34937
20534
15615
34289
14507
29324
40410
29850
54222
35785
17082
30792
50817
42089
31036
14065
60781
6732
8705
22326
60781
55561
61308
1844
1844
46519
59439
4342
42576
42576
32628
50273
29324
17407
19164
41537
50625
17082
0
44437
44437
3997
3997
19164
61043
5419
55424
9084
27563
41769
41769
31828
3997
40636
41537
1970
5266
5266
33756
26374
34289
48283
21577
22326
9581
58682
17407
37747
37020
50857
47885
34723
31596
43388
43388
50475
41537
41537
57934
44931
35785
37193
35630
55771
15615
52633
28865
18474
25480
29297
29297
9084
40346
11052
48393
2781
4382
22780
53001
33263
12368
26184
40616
31271
48360
15615
31907
61043
9084
12523
15615
37132
35313
9084
39097
29324
1970
28831
49639
16897
43402
34114
61077
61077
55426
36923
21951
21951
37747
17407
39166
23359
45587
1489
1489
44281
44281
8586
34289
20772
20772
2415
32709
12523
60419
15152
27854
27854
33015
60690
12368
6076
6076
46519
5011
11052
1970
13749
43402
13749
2781
61043
23760
31271
52279
58682
58682
43650
17082
15615
2781
15112
53331
41537
20580
36764
13749
37020
56785
31271
14507
54788
46863
37576
135
9581
58682
58542
46519
47133
37747
37747
49002
33002
53816
32840
32840
19164
58983
58983
21433
39097
18022
18022
26184
35630
33669
60781
35693
30763
46989
20236
20236
16282
16282
55411
56785
21968
21433
17082
37020
10892
10892
49660
43209
43209
15615
55426
55426
54459
59420
36666
49240
19164
2781
37020
47885
55426
1489
17082
52633
1970
5266
52633
35564
15984
11052
34723
9084
55424
43388
20294
6732
43388
8705
2781
8705
35278
55301
56090
33250
33263
50370
19164
8432
60680
10785
21951
27288
47494
53104
58191
7730
33865
54222
23204
50817
12368
13939
25169
53816
52058
52058
55426
47494
51043
53385
45556
45556
47389
1650
19064
61043
37020
47071
20534
35447
49660
26452
26452
9084
9084
27563
47494
16282
16282
11514
7218
24490
20772
49923
59420
35785
44069
30792
30792
46863
46863
28535
43650
4382
47190
47190
28865
21456
7730
7730
36666
8705
1970
33263
48393
48393
31091
41537
1970
21433
888
9234
1970
1970
16897
16897
58542
41537
15615
21997
53104
40194
58682
34723
42150
41319
19164
41537
6436
4342
16897
16897
17409
4382
26184
43802
35785
35785
4638
30810
46989
12368
28563
2415
23359
53898
53898
17460
17460
4342
27323
44281
45516
47885
50849
31828
25169
43802
49969
36923
55411
27288
27288
58542
49969
13749
24490
3249
24639
22780
31091
60680
35313
35313
24490
21951
21951
17420
49660
27323
27323
58939
46519
46519
10757
42997
53104
24490
7847
12368
33669
31907
13446
50849
35785
35785
9825
19064
37747
37747
12396
9084
60781
17878
5011
5419
14936
25395
58682
58542
58939
58939
45587
12948
27288
25110
29324
12765
3997
9234
56544
35693
51037
4574
4574
53816
53816
31265
33015
10785
10785
9084
48283
41319
50333
39353
46989
4342
19164
33669
44450
9084
31828
15112
9825
40944
26184
8705
1650
7361
46989
35861
33329
17407
50370
43650
28535
29324
31074
24645
1493
35278
17265
31828
31828
46519
25349
43802
53898
37576
46863
29297
32482
32482
29297
39166
49969
43388
50849
50849
23755
27563
1493
53385
59809
53898
46989
53104
47133
56785
10287
17082
15615
2415
21577
21577
12396
28831
45587
44069
45587
34723
11052
21951
25349
25349
57934
2557
13774
8705
40334
56544
15615
14936
20890
4342
4342
27323
35278
55564
21951
25395
34937
25110
35641
17409
56222
17082
42576
17082
52821
49969
14507
49969
18065
18065
28011
28011
52058
52058
31091
17082
43387
14065
44931
48283
16915
36832
47476
24490
37132
43066
39765
39765
48360
13939
13939
51491
35012
