51037
50685
27323
35447
18022
41537
41537
58983
58983
0
1489
44069
44069
43490
43490
35630
17082
3997
3997
29426
39633
30810
3997
0
35693
58366
36832
888
54222
3249
16581
16581
50685
0
0
12368
33002
24490
4574
52461
35278
47389
47389
21997
12523
1970
34289
8815
8815
24639
35390
35390
35785
39166
0
0
22780
29426
34289
43802
34289
28011
28011
31828
31828
28865
16581
34723
55564
15615
0
41319
14065
35313
35278
17409
37292
18252
3554
31036
28865
50817
35278
27288
1970
33329
9084
54459
34114
28865
0
51043
51043
16282
0
24490
9825
19064
7477
55561
25110
6858
0
37193
4638
35447
37193
33250
45556
61077
17409
20890
27563
15152
3997
33669
55669
27563
46519
29850
30164
50333
61077
2557
55424
50849
481
44495
44495
31036
27323
43802
0
39166
35785
59960
59960
37020
37020
46519
17082
11052
30810
5419
7218
17265
33329
51037
43388
20580
20580
40203
46989
12396
51037
58366
7847
54222
19164
19164
15984
0
35447
31596
49660
46989
24490
44282
44282
21433
61043
7361
28958
11052
1493
28563
27288
59439
21997
14065
4326
58366
37193
41537
59291
0
0
0
9084
37686
33015
2781
46989
33669
31907
46519
46519
481
31091
46989
13749
50849
3249
0
9825
9084
54326
0
31265
21456
21456
47133
56785
21433
31265
28535
0
35693
43650
31596
29850
3779
20580
35447
35447
26670
44281
44281
50475
54222
0
25349
29324
44281
44281
46519
4805
19164
0
24490
35630
12368
27323
27323
1970
41537
0
14507
50817
24490
20890
52461
33250
5011
49639
16282
20890
0
33250
59291
59291
53385
5800
55561
15984
34937
40334
0
49639
2781
29297
36666
59960
43388
44437
52431
30792
13490
52058
52058
31828
55426
49983
17265
14567
53898
9084
15615
9084
0
58012
13077
33015
33015
40334
0
4326
55669
59812
3249
36832
36832
5011
0
58366
5011
56785
14936
14936
4342
26452
26452
9581
5419
27563
3554
27563
26928
15615
36764
61308
61308
58366
0
8815
19164
36764
48283
48283
47725
27288
34326
10892
54222
23239
53385
36832
50685
48360
15152
46863
50849
54222
54222
18474
14567
35313
15615
35785
0
52829
37193
37193
41537
7847
13939
4342
46863
59420
47885
36764
58366
30810
0
0
0
33015
47389
0
35693
50475
44495
10892
17878
22326
58191
12396
44281
12368
0
1970
28991
35861
54326
17082
27323
58012
60781
60781
8705
49660
26670
13090
35278
7730
1970
2781
0
37292
37292
33329
9825
53001
53001
34289
11052
35693
1970
5011
59809
35278
0
0
22326
0
9084
45587
17420
49660
7847
26184
9084
43402
43650
34289
17082
28991
0
35313
17407
48360
26184
13749
22326
0
19064
32709
44931
55564
61077
4574
27323
0
43802
29297
0
0
39353
34723
13749
12396
47133
12396
35630
17082
0
58191
58191
36666
0
21456
0
0
42997
46519
31828
0
24645
16282
36666
36666
33263
31091
27563
14567
58191
43402
27323
8705
8705
3997
22326
27288
55424
33015
3779
28831
34289
50273
20580
58366
59420
11052
0
61308
59420
15112
15112
31596
31596
36832
33263
13934
44372
27563
20890
10892
22326
50475
39353
43534
10892
23239
28444
28444
47389
50685
12368
60690
8815
48360
37020
56785
48393
1970
14507
6858
53984
50419
17878
5793
5793
11052
3554
45587
33329
39097
53001
2612
44322
34289
33057
51092
18022
44092
49660
54222
42576
23306
55424
33015
29324
29324
17082
35785
14597
21951
17082
17082
47885
17409
40203
58542
40203
0
31265
52461
25395
42997
35278
8705
0
43802
0
32482
37292
24490
43109
0
0
9084
32704
21951
2781
33669
33669
52633
43209
43209
35447
11514
17082
35447
33057
10892
32786
22326
14342
27323
24490
6436
23306
37193
6858
0
50685
59812
35278
28535
26184
35278
19064
61308
0
28958
28958
35785
49923
56785
1970
0
16915
48283
43802
20580
39353
7262
27323
9084
30810
35630
0
0
57934
57934
0
1970
31036
34937
12396
37534
37534
0
11052
37020
7730
28831
25169
39166
7847
0
20890
0
3249
27563
7847
53001
44931
35278
13934
0
35278
6858
42150
42150
45587
44281
21456
21456
3925
3925
59291
59291
2781
31596
35785
50475
3779
43388
17878
0
51043
51043
15615
56090
5011
43387
14090
46989
28831
37020
55426
57934
55424
7477
47885
24490
5266
47133
11052
50273
35447
9202
61043
46863
46863
53984
58366
32482
13939
2415
54222
47885
5011
28563
55424
7847
13090
43402
43402
19483
48393
29850
22778
43534
10892
22326
33263
34937
20534
15615
0
14507
46863
27323
29850
54222
35785
18065
30792
50817
42089
31036
14065
49002
6732
8705
0
60781
55561
61308
5011
0
0
0
59439
0
42576
42576
32628
50273
24490
33263
19164
41537
50625
17082
9084
44282
44282
3997
3997
53104
0
61043
55424
9084
27563
15841
41769
31828
0
0
0
5266
5266
10892
9084
35630
0
21577
22326
9581
9581
17407
37747
37020
50857
47885
0
31596
53984
43388
39166
51037
41537
57934
35278
35785
37193
35630
55771
15615
61308
28865
18474
55411
29297
29297
9084
55177
36350
48393
2781
31091
36666
53001
21577
12368
0
40616
23760
48360
15615
31907
61043
6436
0
15615
27323
0
8586
56090
52461
25110
49639
28444
22326
0
61077
61077
55426
36923
21951
21951
37747
39166
23359
45587
1489
44281
44281
8586
34289
20772
20772
2415
28958
12523
15152
2363
27854
27854
33015
55424
12368
6076
6076
481
35861
11052
1970
13749
43402
13749
2781
54222
31271
31271
52279
58682
58682
39166
17082
27563
2781
0
43388
41537
24490
1970
37020
56785
23760
14507
27288
54788
0
40410
58366
9581
0
58542
46519
8705
37747
37747
49002
33002
36832
32840
32840
19164
58983
58983
21433
39097
18022
18022
26184
11514
43387
0
20890
30763
46989
20236
20236
16282
33015
0
59960
59960
0
37020
10892
47133
43209
15615
35012
26670
54459
59420
49240
36666
0
2781
37020
55426
26670
0
0
52633
1970
5266
52633
43388
11052
15984
34723
7647
44012
33263
20294
0
59812
8705
2781
20890
35278
55301
56090
33250
33263
50370
19164
24079
8432
0
27288
47494
31074
58191
50817
17409
54222
7647
50817
12368
13939
25169
0
52058
52058
26670
47494
51043
53385
45556
0
43534
61043
37020
47071
3997
35447
49660
26452
33263
9084
47494
16282
16282
11514
7218
24490
20772
49923
35785
59420
44069
55138
55138
46863
46863
28535
0
4382
47190
47190
21456
28865
50956
36666
8705
0
33263
48393
55424
31091
41537
49660
21433
888
41537
1970
1970
50475
40616
58542
8705
37020
21997
53104
40194
58682
12368
34723
41319
0
0
6436
4342
28444
16897
17409
0
26184
43802
23204
35785
35785
12396
12368
28563
23359
53898
53898
17460
17460
4342
1612
44281
45516
47885
50849
31828
25169
43802
49969
36923
55411
27288
27288
58542
49969
13749
24490
3249
24639
22780
31091
60680
35313
35313
24490
21951
21951
59439
15615
27323
27323
58939
46519
46519
0
42997
53104
24490
7847
12368
33669
31907
13446
50849
35785
55564
0
37747
37747
9084
12396
60781
17878
5011
4638
14936
25395
58542
58939
58939
45587
12948
36350
9084
29324
12765
0
11052
35693
51037
4574
4574
58366
36832
37534
33015
10785
10785
9084
0
39353
46989
4342
19164
33669
44450
7647
31828
55424
9825
40944
0
8705
1650
7361
12523
13934
51037
17407
50370
43650
28535
28535
31074
24645
1493
35278
0
31828
31828
46519
25349
43802
53898
46863
29297
32482
32482
29297
39166
49969
0
4342
27563
1493
53385
33263
33263
53898
46989
21997
47133
56785
43388
17082
15615
56544
21577
21577
12396
28831
45587
44069
45587
0
11052
21951
25349
25349
0
2557
12396
8705
24490
56544
0
14936
20890
36666
36666
27288
58366
55564
60781
25395
34937
25110
9084
35641
17409
56222
17082
42576
17082
52821
49969
41537
35641
58366
18065
2363
2363
27563
31091
17082
43387
31074
33263
0
16915
36832
47476
35278
19064
0
43066
39765
39765
60781
13939
13939
51491
35012
