51037
50685
27323
35447
18022
41537
41537
58983
58983
0
1489
44069
44069
43490
28865
35630
17082
3997
3997
29426
51048
30810
3997
0
35693
0
53816
888
54222
3249
16581
16581
50685
0
0
12368
33002
32915
4574
52461
35278
47389
47389
21997
12523
1970
34289
8815
8815
24639
35390
35390
35785
39166
0
0
22780
29426
34289
43802
34289
28011
28011
31828
31828
28865
16581
0
55564
15615
0
41319
14065
35313
35278
17409
37292
18252
3554
40194
28865
50817
35278
1970
1970
33329
9084
54459
34114
42997
33057
51043
51043
16282
0
28991
9825
19064
7477
55561
25110
6858
0
60781
26928
35447
60781
33250
45556
61077
17409
20890
27563
15152
43388
33669
55669
46519
46519
29850
30164
50333
61077
2557
25480
50849
481
26184
26184
31036
27323
0
0
39166
35785
59960
59960
37020
37020
46519
17082
11052
30810
5419
7218
17265
33329
51037
43388
20580
20580
40203
46989
12396
51037
0
17082
54222
19164
19164
15984
0
35447
31596
49660
12396
8705
44282
44282
58366
61043
7361
32709
11052
46989
52633
27288
49660
21997
14065
4326
22778
37193
34289
59291
0
24490
0
9084
22780
33015
2781
46989
33669
31907
46519
46519
481
31091
46989
1970
50849
25395
0
9825
9084
50685
0
31265
21456
21456
47133
56785
21433
31265
28535
0
27288
43650
31596
29850
55424
20580
35447
35447
4326
44281
44281
50475
9234
0
27323
29324
44281
44281
46519
4805
17460
0
44372
35630
12368
27323
27323
1970
41537
0
33015
50817
24490
20890
52461
0
5011
49639
16282
20890
0
33250
59291
59291
53385
5800
55561
15984
34937
61077
0
49639
2781
29297
36666
59960
43388
44437
52431
30792
13490
52058
52058
9581
26670
49983
17265
14567
53898
9084
15615
9084
0
58012
13077
33015
33015
40334
0
4326
55669
59812
3249
36832
36832
27563
0
58366
5011
56785
14936
14936
4342
26452
26452
58682
56544
27563
16897
27563
26928
15615
36764
61308
61308
0
0
8815
19164
36764
48283
48283
47725
27288
34326
1489
23239
23239
53385
36832
50685
48360
15152
46863
2612
54222
54222
34114
14567
35313
15615
35785
0
52829
37193
37193
41537
7847
13939
4342
46863
59420
47885
36764
24490
58366
0
0
0
33015
47389
0
34326
50475
5011
10892
17878
22326
58191
12396
44281
12368
0
1970
17409
35861
54326
17082
27323
58012
60781
60781
8705
49660
12523
13090
35278
1970
1970
2781
0
37292
37292
33329
9825
53001
53001
34289
11052
35693
1970
58366
59809
35278
0
0
22326
0
9084
17460
17420
59439
7847
26184
30164
43402
43650
45516
17082
44282
0
35313
17407
48360
26184
13749
22326
0
19064
32709
44931
55564
61077
4574
27323
0
43802
29297
0
0
39353
34723
13749
12396
47133
12396
35630
11052
0
58191
58191
36666
0
43066
0
0
42997
46519
4342
0
24645
16282
36666
36666
33263
31091
27563
14567
58191
43402
17409
1970
1970
3997
22326
27288
19483
33015
0
28831
34289
12523
20580
58366
59420
31091
0
61308
59420
15112
15112
31596
31596
36832
9825
13934
13934
28991
20890
1489
0
50475
39353
53385
10892
23239
28444
28444
47389
50685
12368
60690
60690
48360
37020
56785
48393
46989
14507
6858
53984
50419
17878
5793
5793
11052
3554
45587
33329
39097
53001
44322
44322
45516
3997
3997
17082
44092
49660
42907
42576
23306
58366
33015
29324
29324
17082
35785
15112
55424
17082
17082
54222
24490
40203
6732
40203
0
31265
14567
25395
42997
35278
1970
0
43802
0
32482
37292
24490
1844
58366
58366
9084
32704
21951
2781
33669
33669
52633
43209
43209
35447
9578
5419
35447
33057
10892
32786
22326
14342
27323
8705
6436
17407
37193
23204
0
50685
59812
35278
28535
26184
35278
19064
61308
0
28958
28958
35785
49923
56785
1970
0
16915
48283
35693
20580
39353
47885
27323
9084
30810
11052
0
0
57934
57934
0
1970
31036
31036
12396
37534
37534
0
11052
40346
7730
28831
25169
39166
7847
0
20890
0
3249
27563
7847
53001
44931
44931
13934
0
35278
6858
42150
42150
44069
44281
21456
21456
3925
3925
59291
59291
2781
31596
35785
50475
3779
43388
17878
0
51043
51043
15615
56090
5011
43387
14090
9084
53331
40346
55426
57934
35564
7477
47885
24490
35564
47133
11052
50273
35447
9202
61043
14567
21774
54459
0
32482
13939
61308
0
24079
5011
28563
55424
7847
13090
3997
43402
19483
6436
46989
0
12523
16897
28444
49660
34937
20534
15615
0
14507
14567
27323
29850
54222
35785
17082
30792
50817
42089
31036
14065
60781
6732
8705
0
60781
55561
61308
481
58366
0
35861
59439
0
42576
42576
32628
50273
50273
1970
19164
41537
54222
17082
9084
4342
4342
3997
3997
53104
0
61043
55424
9084
27563
28991
41769
31828
0
40636
0
5266
5266
23239
14507
35630
0
21577
22326
9581
58682
17407
37747
37020
50857
47885
0
31596
17409
1975
50475
24490
41537
35278
44931
35785
37193
35630
55771
15615
61308
28865
34114
29324
29297
29297
9084
40346
36350
48393
2781
43388
46519
53001
15615
12368
0
40616
23760
48360
15615
31907
61043
0
0
15615
27288
0
50625
29324
39097
28831
49639
16897
35630
58366
61077
61077
9581
36923
21951
21951
37747
39166
23359
45587
1489
44281
44281
8586
34289
20772
20772
2415
28958
12523
15152
2363
27854
27854
56222
8815
12368
6076
6076
19483
58682
11052
1970
13749
43402
13749
2781
9234
23760
23760
52279
58682
58682
39166
17082
15615
1970
0
53331
41537
1970
58012
37020
56785
23760
14507
27288
54788
0
35012
0
9581
0
58542
46519
12765
37747
37747
49002
33002
53816
32840
32840
19164
58983
58983
21433
39097
18022
18022
26184
11514
1970
0
20890
30763
46989
20236
29004
16282
16282
0
59960
21433
0
40346
10892
15615
43209
15615
45587
26670
54459
59420
52829
36666
0
2781
40346
55426
26670
0
0
52633
1970
5266
26184
46989
11052
15984
34723
9084
44012
33263
20294
0
59812
8705
2781
20890
35278
55301
56090
33250
33263
50370
19164
8432
8432
0
27288
36832
31074
58191
44931
33865
33865
56544
50817
12368
13939
25169
0
52058
52058
26670
47494
51043
53385
10095
0
9084
61043
40346
47071
33057
35447
49660
26452
33263
9084
36832
16282
16282
11514
7218
24490
20772
49923
35785
59420
44069
30792
30792
46863
46863
28535
0
4382
47190
47190
21456
28865
50956
36666
1970
0
59960
48393
55424
31091
41537
35693
21433
888
41537
1970
1970
28444
40616
0
8705
55426
21997
53104
40194
58682
12368
34723
41319
0
0
6436
4342
16897
16897
17409
0
35630
43802
23204
35785
30810
24490
12368
28563
23359
53898
53898
17460
17460
4342
1612
44281
45516
47885
50849
31828
25169
43802
49969
36923
55411
27288
27288
58542
49969
13749
24490
3249
24639
22780
31091
60680
35313
35313
12523
21951
21951
49660
0
27323
27323
58939
46519
46519
0
42997
53104
24490
7847
12368
33669
31907
13446
50849
35785
9825
0
37747
37747
9084
12396
60781
17878
5011
4638
14936
25395
9084
58939
58939
45587
12948
36350
51037
29324
12765
0
18022
46588
51037
4574
4574
0
53816
37534
33015
10785
10785
9084
0
39353
46989
4342
52633
33669
44450
46588
31828
55424
9825
40944
0
8705
1650
7361
50956
13934
33329
17407
50370
43650
28535
31907
31074
24645
1493
35278
0
31828
31828
46519
25349
43802
53898
46863
29297
32482
32482
29297
39166
49969
0
44282
27563
1493
53385
59809
59809
53898
24490
53104
47133
56785
43388
17082
15615
58366
21577
21577
12396
28831
45587
44069
45587
0
11052
21951
25349
25349
0
2557
58542
8705
24490
56544
0
14936
20890
36666
36666
1970
0
9825
24079
25395
34937
25110
25110
35641
17409
56222
17082
42576
17082
52821
49969
41537
35641
8705
18065
2363
2363
31828
31091
17082
43387
31074
33263
0
16915
36832
47476
35278
19064
0
43066
39765
39765
24079
13939
13939
51491
35012
