11
25
11
660
11
335
623
277
432
733
25
660
51
11
453
660
41
193
190
552
432
22
660
335
115
193
25
219
733
335
283
25
25
660
45
11
19
283
360
25
22
623
742
183
294
335
219
130
660
183
555
115
190
360
527
51
25
360
322
51
750
335
750
335
335
432
254
335
183
11
130
750
335
750
335
130
294
130
750
415
130
59
660
315
335
107
405
193
11
747
183
220
67
318
25
11
335
695
285
660
182
182
115
505
747
301
318
25
335
115
25
175
11
175
25
335
219
22
432
199
294
115
443
219
115
22
750
22
660
22
19
107
660
175
25
755
25
25
329
115
25
76
219
335
67
324
278
294
552
11
335
25
660
294
59
11
67
11
219
294
182
219
335
14
51
11
335
25
750
360
130
11
335
750
552
115
22
432
193
25
660
25
193
11
25
22
254
283
11
294
294
750
328
660
294
335
301
25
360
76
322
618
25
25
107
254
25
660
219
335
294
283
76
750
25
453
278
294
294
453
285
25
51
