11
41
25
199
11
660
11
335
328
277
432
733
25
660
51
11
11
453
660
41
193
520
190
552
183
22
660
335
115
193
25
219
322
660
278
335
283
25
25
11
453
660
45
750
11
277
78
283
22
254
360
25
22
623
115
742
183
294
335
76
219
76
130
193
660
183
615
750
285
555
115
190
360
527
130
51
183
25
360
322
51
750
130
335
750
335
335
193
432
254
67
335
183
432
11
130
41
360
294
335
750
335
45
750
415
130
294
78
130
750
415
130
25
660
67
315
335
107
405
115
285
11
130
115
747
183
278
324
190
318
193
25
254
436
335
695
285
660
183
45
115
505
747
301
318
115
25
51
335
11
115
25
175
11
175
25
115
750
335
219
22
432
199
294
750
115
443
219
115
22
750
11
22
660
115
22
405
115
107
660
41
175
51
25
755
25
25
329
115
25
11
76
327
219
335
67
420
115
11
76
552
67
329
11
335
420
25
78
660
294
432
11
67
11
219
78
294
45
219
51
335
552
14
51
11
11
335
26
25
262
498
750
527
11
78
360
660
130
11
335
552
552
115
22
130
432
360
193
25
193
11
660
25
193
11
25
22
254
283
11
294
294
11
219
750
328
660
76
335
322
301
173
520
25
183
360
76
182
322
618
25
25
175
432
623
107
254
25
660
175
219
335
294
283
76
750
183
25
254
193
278
294
294
453
285
25
173
51
